opt1<-matrix(data=c(2,3,5,7),nrow=2,ncol=2)
opt2<-matrix(data=c(5,15,10,20),nrow=2,ncol=2)
opt1
opt2
opt3<-3*(opt1-opt2)
opt3