h<-matrix(data=c(1,2,7,2,4,6),nrow=3,ncol=2)
i<-matrix(data=c(10,30,50,20,40,60),nrow=3,ncol=2)
h
i
j<-2/7*(h-i)
j