bd<-c(1,2,5,-6,3,0,-7,-8,-9)
bd
be<-c(0)
bd>be
