pa <- c(5, 15, 8, 12, 3, 20, 7)
ap <- pa[pa > 10]
ap
