o1 <- c(1, 2, 3, 4)
o2 <- c(10, 20, 30, 40, 50, 60, 70, 80, 90, 100)
result <- o1+o2
result
